1 0.08901143074035645
2 0.0011814923491328955
3 0.0002941156562883407
4 0.0008581060101278126
5 0.029230203479528427
6 0.03536698967218399
7 0.0016477102180942893
8 0.03152258321642876
9 0.004934190772473812
10 0.34520408511161804
11 0.000967661733739078
12 0.05858238786458969
13 0.02707529067993164
14 0.005142283625900745
15 0.004194221459329128
16 0.0015232778387144208
17 0.0013213478960096836
18 0.0005273300921544433
19 0.00022368947975337505
20 0.001874182024039328
21 0.004787057638168335
22 0.003925942815840244
23 0.10999278724193573
24 0.0001792194088920951
25 0.03547651693224907
26 0.27985721826553345
27 0.044993214309215546
28 0.1760401874780655
29 0.005040437914431095
30 0.4447430670261383
31 0.008301177993416786
32 0.000554970174562186
33 0.0005020351381972432
34 0.0013067342806607485
35 0.0017441147938370705
36 0.0001465415843995288
37 6.668344576610252e-05
38 0.0011090178741142154
39 0.0388188362121582
40 0.20457498729228973
41 0.001317207352258265
42 0.011175813153386116
43 0.003617065493017435
44 0.002138227690011263
45 0.00023358403996098787
46 0.0001570687600178644
47 0.0002118973934557289
48 0.0003818559634964913
49 0.0007127014105208218
50 0.0011783193331211805
51 0.03150082007050514
52 0.24647334218025208
53 0.3629688322544098
54 0.021063337102532387
55 0.0003920602612197399
56 0.002298242412507534
57 0.18530228734016418
58 0.2313203513622284
59 0.0016098797786980867
60 0.0024612867273390293
61 0.0017379836644977331
62 8.04714291007258e-05
63 7.735118560958654e-05
64 5.6589411542518064e-05
65 2.3102020350052044e-05
66 2.7865977244800888e-05
67 0.0001758577418513596
68 0.00010942244989564642
69 0.0006718292133882642
70 0.00013467595272231847
71 0.08906258642673492
72 0.021189885213971138
73 0.24510090053081512
74 0.04372614622116089
75 0.21741166710853577
76 0.09416977316141129
77 0.05370273068547249
78 0.08612683415412903
79 0.02178397960960865
80 0.004575501661747694
81 7.626488513778895e-05
82 1.5685380276408978e-05
83 0.018132219091057777
84 0.06525944173336029
85 0.05051453784108162
86 0.0690097063779831
87 0.007259175181388855
88 0.037702012807130814
89 9.967315418180078e-05
90 0.000388336309697479
91 0.00043798531987704337
92 7.951787847559899e-05
93 7.531363371526822e-05
94 4.920510764350183e-05
95 0.14888277649879456
96 8.54676982271485e-05
97 0.05665339156985283
98 0.025753259658813477
99 0.004898568615317345
100 0.0014015680644661188
101 0.04725765436887741
102 0.05490512400865555
103 0.019508598372340202
104 0.001729095121845603
105 8.298786997329444e-05
106 6.974317511776462e-05
107 3.9857033698353916e-05
108 0.001422758912667632
109 0.008555403910577297
110 0.0010428016539663076
111 0.001196711091324687
112 0.0005902703269384801
113 0.00028652598848566413
114 3.397741602384485e-05
115 0.0002778353518806398
116 8.452562906313688e-05
117 0.0001666492607910186
118 0.0024800426326692104
119 0.14346252381801605
120 0.20643749833106995
121 0.013494148850440979
122 0.5227570533752441
123 0.004072726238518953
124 0.006107998080551624
125 0.20914585888385773
126 0.0008687010849826038
127 0.0010412109550088644
128 0.001473745214752853
129 5.6631142797414213e-05
130 0.0011026394786313176
131 0.015268879942595959
132 0.03492042049765587
133 0.15396124124526978
134 0.1259627491235733
135 0.09465359896421432
136 0.24126198887825012
137 0.0010285379830747843
138 0.0008610319346189499
139 0.018731575459241867
140 0.0013696427922695875
141 0.00616875384002924
142 0.001318061025813222
143 0.006156954914331436
144 0.03879630193114281
145 0.05595352128148079
146 0.010540932416915894
147 0.002854669699445367
148 0.0018585240468382835
149 0.00036094989627599716
150 0.00039811315946280956
151 0.013138595037162304
152 0.19427314400672913
153 0.09402532130479813
154 0.16190430521965027
155 0.019717739894986153
156 0.03653420880436897
157 0.049450092017650604
158 0.20759756863117218
159 0.005298255011439323
160 0.020757555961608887
161 0.006558445282280445
162 0.0010001773480325937
163 6.45300024189055e-05
164 8.548148616682738e-05
165 5.508453614311293e-05
166 0.0002484464494045824
167 0.00019702334247995168
168 8.155799878295511e-05
169 0.0006860209396108985
170 0.00046223364188335836
171 0.0012125673238188028
172 0.005200415849685669
173 0.10222659260034561
174 0.09619530290365219
175 0.00866493210196495
176 0.3439621031284332
177 0.004587618168443441
178 0.04794997721910477
179 0.004021446220576763
180 0.005672676954418421
181 0.006834431551396847
182 0.028384331613779068
183 0.10561982542276382
184 0.20593860745429993
185 0.0608636848628521
186 0.13815924525260925
187 0.06891405582427979
188 0.261871337890625
189 0.00038492653402499855
190 0.006459911819547415
191 0.35647544264793396
192 0.00619798619300127
193 0.0007432067068293691
194 0.000700337637681514
195 0.005296502262353897
196 0.017226386815309525
197 0.09093377739191055
198 0.00681517506018281
199 0.003087473101913929
200 0.018891621381044388
201 0.002635433105751872
202 0.0005335632595233619
203 0.0003791478811763227
204 0.0015272669261321425
205 0.00023329099349211901
206 0.0003999273758381605
207 0.00018261170771438628
208 0.008260722272098064
209 0.016831545159220695
210 0.051833756268024445
211 0.04786841198801994
212 0.13722893595695496
